0000000000000000000000000000000000000000000000000000000000000000000000000000000000000000000000000000000000000000000000000000000000000000000000000000000000000000000000000000000000000000000000000000000000000000000000000000000000000000000000000000000000000000000000000000000000000000000000000000000000000000000000000000000000000000000000000000000
0000000000000000000000000000000000000000000000000000000000000000000000000000000000000000000000000000000000000000000000000000000000000000000000000000000000000000000000000000000000000000000000000000000000000000000000000000000000000000000000000000000000000000000000000000000000000000000000000000000000000000000000000000000000000000000000000010110
0000000000000000000000000000000000000000000000001000000000000000000000000000000000000000000000000100000000000000000000000000000000000000000000000100000000000000000000000000000000000000000000000110000000000000000000000000000000000000000000000111000000000000000000000000000000000000000000000100100000000000000000000000000000000000000000000010110
0000000000000000000000000000000000000000000000000000000000000000000000000000000000000000000000001000000000000000000000000000000000000000000000000100000000000000000000000000000000000000000000000110000000000000000000000000000000000000000000000111000000000000000000000000000000000000000000000100100000000000000000000000000000000000000000000010110
0000000000000000000000000000000000000000000000000000000000000000000000000000000000000000000000000000000000000000000000000000000000000000000000000110000000000000000000000000000000000000000000000011000000000000000000000000000000000000000000000101000000000000000000000000000000000000000000000100100000000000000000000000000000000000000000000010110
0000000000000000000000000000000000000000000000000000000000000000000000000000000000000000000000000000000000000000000000000000000000000000000000001000000000000000000000000000000000000000000000000100000000000000000000000000000000000000000000000101000000000000000000000000000000000000000000000100100000000000000000000000000000000000000000000010110
0000000000000000000000000000000000000000000000000000000000000000000000000000000000000000000000000000000000000000000000000000000000000000000000001010000000000000000000000000000000000000000000000101000000000000000000000000000000000000000000000111000000000000000000000000000000000000000000000100100000000000000000000000000000000000000000000010110
0000000000000000000000000000000000000000000000000000000000000000000000000000000000000000000000000000000000000000000000000000000000000000000000001100000000000000000000000000000000000000000000000110000000000000000000000000000000000000000000000111000000000000000000000000000000000000000000000100100000000000000000000000000000000000000000000010110
0000000000000000000000000000000000000000000000000000000000000000000000000000000000000000000000000000000000000000000000000000000000000000000000001110000000000000000000000000000000000000000000000111000000000000000000000000000000000000000000000111000000000000000000000000000000000000000000000100100000000000000000000000000000000000000000000010110
0000000000000000000000000000000000000000000000000000000000000000000000000000000000000000000000000000000000000000000000000000000000000000000000010000000000000000000000000000000000000000000000001000000000000000000000000000000000000000000000000111000000000000000000000000000000000000000000000100100000000000000000000000000000000000000000000010110
0000000000000000000000000000000000000000000000000000000000000000000000000000000000000000000000000000000000000000000000000000000000000000000000000000000000000000000000000000000000000000000000001001000000000000000000000000000000000000000000000100100000000000000000000000000000000000000000000100100000000000000000000000000000000000000000000010110
0000000000000000000000000000000000000000000000000000000000000000000000000000000000000000000000000000000000000000000000000000000000000000000000000000000000000000000000000000000000000000000000001010000000000000000000000000000000000000000000000101000000000000000000000000000000000000000000000100100000000000000000000000000000000000000000000010110
0000000000000000000000000000000000000000000000000000000000000000000000000000000000000000000000000000000000000000000000000000000000000000000000000000000000000000000000000000000000000000000000001011000000000000000000000000000000000000000000000101100000000000000000000000000000000000000000000100100000000000000000000000000000000000000000000010110
0000000000000000000000000000000000000000000000000000000000000000000000000000000000000000000000000000000000000000000000000000000000000000000000000000000000000000000000000000000000000000000000001100000000000000000000000000000000000000000000000110000000000000000000000000000000000000000000000100100000000000000000000000000000000000000000000010110
0000000000000000000000000000000000000000000000000000000000000000000000000000000000000000000000000000000000000000000000000000000000000000000000000000000000000000000000000000000000000000000000001101000000000000000000000000000000000000000000000110100000000000000000000000000000000000000000000100100000000000000000000000000000000000000000000010110
0000000000000000000000000000000000000000000000000000000000000000000000000000000000000000000000000000000000000000000000000000000000000000000000000000000000000000000000000000000000000000000000001110000000000000000000000000000000000000000000000111000000000000000000000000000000000000000000000100100000000000000000000000000000000000000000000010110
0000000000000000000000000000000000000000000000000000000000000000000000000000000000000000000000000000000000000000000000000000000000000000000000000000000000000000000000000000000000000000000000001111000000000000000000000000000000000000000000000111100000000000000000000000000000000000000000000100100000000000000000000000000000000000000000000010110
0000000000000000000000000000000000000000000000000000000000000000000000000000000000000000000000000000000000000000000000000000000000000000000000000000000000000000000000000000000000000000000000010000000000000000000000000000000000000000000000001000000000000000000000000000000000000000000000000100100000000000000000000000000000000000000000000010110
0000000000000000000000000000000000000000000000000000000000000000000000000000000000000000000000000000000000000000000000000000000000000000000000000000000000000000000000000000000000000000000000000000000000000000000000000000000000000000000000001000100000000000000000000000000000000000000000000100010000000000000000000000000000000000000000000010110
0000000000000000000000000000000000000000000000000000000000000000000000000000000000000000000000000000000000000000000000000000000000000000000000000000000000000000000000000000000000000000000000000000000000000000000000000000000000000000000000001001000000000000000000000000000000000000000000000100100000000000000000000000000000000000000000000010110
0000000000000000000000000000000000000000000000000000000000000000000000000000000000000000000000000000000000000000000000000000000000000000000000000000000000000000000000000000000000000000000000000000000000000000000000000000000000000000000000001001100000000000000000000000000000000000000000000100110000000000000000000000000000000000000000000010110
0000000000000000000000000000000000000000000000000000000000000000000000000000000000000000000000000000000000000000000000000000000000000000000000000000000000000000000000000000000000000000000000000000000000000000000000000000000000000000000000000000000000000000000000000000000000000000000000000000000000000000000000000000000000000000000000000011011


[1, 4, 294, 246, 197, 198, 198, 198, 198, 199, 150, 150, 150, 150, 150, 150, 150, 151, 102, 102, 102, 102]
